[
    1,
    0,
    0,
    [
        [
            "cc.Skeleton",
            [
                "_name",
                "_hash",
                "_joints",
                "_bindposes"
            ],
            0,
            12
        ]
    ],
    [
        [
            0,
            0,
            1,
            2,
            3,
            4
        ]
    ],
    [
        [
            0,
            "Skin-0",
            772038893,
            [
                "mixamorig:Hips/mixamorig:Spine/mixamorig:Spine1/mixamorig:Spine2/mixamorig:Neck/mixamorig:Head",
                "mixamorig:Hips/mixamorig:Spine/mixamorig:Spine1/mixamorig:Spine2/mixamorig:LeftShoulder/mixamorig:LeftArm/mixamorig:LeftForeArm/mixamorig:LeftHand/mixamorig:LeftHandPinky1",
                "mixamorig:Hips/mixamorig:Spine/mixamorig:Spine1/mixamorig:Spine2/mixamorig:LeftShoulder/mixamorig:LeftArm",
                "mixamorig:Hips/mixamorig:Spine/mixamorig:Spine1/mixamorig:Spine2/mixamorig:LeftShoulder/mixamorig:LeftArm/mixamorig:LeftForeArm",
                "mixamorig:Hips/mixamorig:Spine/mixamorig:Spine1/mixamorig:Spine2/mixamorig:LeftShoulder/mixamorig:LeftArm/mixamorig:LeftForeArm/mixamorig:LeftHand/mixamorig:LeftHandMiddle1",
                "mixamorig:Hips/mixamorig:Spine/mixamorig:Spine1/mixamorig:Spine2/mixamorig:LeftShoulder/mixamorig:LeftArm/mixamorig:LeftForeArm/mixamorig:LeftHand/mixamorig:LeftHandRing1",
                "mixamorig:Hips/mixamorig:Spine/mixamorig:Spine1/mixamorig:Spine2/mixamorig:LeftShoulder/mixamorig:LeftArm/mixamorig:LeftForeArm/mixamorig:LeftHand",
                "mixamorig:Hips/mixamorig:Spine/mixamorig:Spine1/mixamorig:Spine2/mixamorig:LeftShoulder/mixamorig:LeftArm/mixamorig:LeftForeArm/mixamorig:LeftHand/mixamorig:LeftHandThumb1",
                "mixamorig:Hips/mixamorig:Spine/mixamorig:Spine1/mixamorig:Spine2/mixamorig:LeftShoulder/mixamorig:LeftArm/mixamorig:LeftForeArm/mixamorig:LeftHand/mixamorig:LeftHandPinky1/mixamorig:LeftHandPinky2",
                "mixamorig:Hips/mixamorig:Spine/mixamorig:Spine1/mixamorig:Spine2/mixamorig:LeftShoulder/mixamorig:LeftArm/mixamorig:LeftForeArm/mixamorig:LeftHand/mixamorig:LeftHandRing1/mixamorig:LeftHandRing2",
                "mixamorig:Hips/mixamorig:Spine/mixamorig:Spine1/mixamorig:Spine2/mixamorig:LeftShoulder/mixamorig:LeftArm/mixamorig:LeftForeArm/mixamorig:LeftHand/mixamorig:LeftHandPinky1/mixamorig:LeftHandPinky2/mixamorig:LeftHandPinky3",
                "mixamorig:Hips/mixamorig:Spine/mixamorig:Spine1/mixamorig:Spine2/mixamorig:LeftShoulder/mixamorig:LeftArm/mixamorig:LeftForeArm/mixamorig:LeftHand/mixamorig:LeftHandMiddle1/mixamorig:LeftHandMiddle2",
                "mixamorig:Hips/mixamorig:Spine/mixamorig:Spine1/mixamorig:Spine2/mixamorig:LeftShoulder/mixamorig:LeftArm/mixamorig:LeftForeArm/mixamorig:LeftHand/mixamorig:LeftHandRing1/mixamorig:LeftHandRing2/mixamorig:LeftHandRing3",
                "mixamorig:Hips/mixamorig:Spine/mixamorig:Spine1/mixamorig:Spine2/mixamorig:LeftShoulder/mixamorig:LeftArm/mixamorig:LeftForeArm/mixamorig:LeftHand/mixamorig:LeftHandMiddle1/mixamorig:LeftHandMiddle2/mixamorig:LeftHandMiddle3",
                "mixamorig:Hips/mixamorig:Spine/mixamorig:Spine1/mixamorig:Spine2/mixamorig:LeftShoulder/mixamorig:LeftArm/mixamorig:LeftForeArm/mixamorig:LeftHand/mixamorig:LeftHandIndex1",
                "mixamorig:Hips/mixamorig:Spine/mixamorig:Spine1/mixamorig:Spine2/mixamorig:LeftShoulder/mixamorig:LeftArm/mixamorig:LeftForeArm/mixamorig:LeftHand/mixamorig:LeftHandIndex1/mixamorig:LeftHandIndex2",
                "mixamorig:Hips/mixamorig:Spine/mixamorig:Spine1/mixamorig:Spine2/mixamorig:LeftShoulder/mixamorig:LeftArm/mixamorig:LeftForeArm/mixamorig:LeftHand/mixamorig:LeftHandIndex1/mixamorig:LeftHandIndex2/mixamorig:LeftHandIndex3",
                "mixamorig:Hips/mixamorig:Spine/mixamorig:Spine1/mixamorig:Spine2/mixamorig:LeftShoulder/mixamorig:LeftArm/mixamorig:LeftForeArm/mixamorig:LeftHand/mixamorig:LeftHandThumb1/mixamorig:LeftHandThumb2/mixamorig:LeftHandThumb3",
                "mixamorig:Hips/mixamorig:Spine/mixamorig:Spine1/mixamorig:Spine2/mixamorig:LeftShoulder/mixamorig:LeftArm/mixamorig:LeftForeArm/mixamorig:LeftHand/mixamorig:LeftHandThumb1/mixamorig:LeftHandThumb2",
                "mixamorig:Hips/mixamorig:Spine/mixamorig:Spine1/mixamorig:Spine2/mixamorig:RightShoulder/mixamorig:RightArm/mixamorig:RightForeArm/mixamorig:RightHand",
                "mixamorig:Hips/mixamorig:Spine/mixamorig:Spine1/mixamorig:Spine2/mixamorig:RightShoulder/mixamorig:RightArm",
                "mixamorig:Hips/mixamorig:Spine/mixamorig:Spine1/mixamorig:Spine2/mixamorig:RightShoulder/mixamorig:RightArm/mixamorig:RightForeArm",
                "mixamorig:Hips/mixamorig:Spine/mixamorig:Spine1/mixamorig:Spine2/mixamorig:RightShoulder/mixamorig:RightArm/mixamorig:RightForeArm/mixamorig:RightHand/mixamorig:RightHandMiddle1",
                "mixamorig:Hips/mixamorig:Spine/mixamorig:Spine1/mixamorig:Spine2/mixamorig:RightShoulder/mixamorig:RightArm/mixamorig:RightForeArm/mixamorig:RightHand/mixamorig:RightHandRing1",
                "mixamorig:Hips/mixamorig:Spine/mixamorig:Spine1/mixamorig:Spine2/mixamorig:RightShoulder/mixamorig:RightArm/mixamorig:RightForeArm/mixamorig:RightHand/mixamorig:RightHandPinky1",
                "mixamorig:Hips/mixamorig:Spine/mixamorig:Spine1/mixamorig:Spine2/mixamorig:RightShoulder/mixamorig:RightArm/mixamorig:RightForeArm/mixamorig:RightHand/mixamorig:RightHandRing1/mixamorig:RightHandRing2",
                "mixamorig:Hips/mixamorig:Spine/mixamorig:Spine1/mixamorig:Spine2/mixamorig:RightShoulder/mixamorig:RightArm/mixamorig:RightForeArm/mixamorig:RightHand/mixamorig:RightHandPinky1/mixamorig:RightHandPinky2",
                "mixamorig:Hips/mixamorig:Spine/mixamorig:Spine1/mixamorig:Spine2/mixamorig:RightShoulder/mixamorig:RightArm/mixamorig:RightForeArm/mixamorig:RightHand/mixamorig:RightHandPinky1/mixamorig:RightHandPinky2/mixamorig:RightHandPinky3",
                "mixamorig:Hips/mixamorig:Spine/mixamorig:Spine1/mixamorig:Spine2/mixamorig:RightShoulder/mixamorig:RightArm/mixamorig:RightForeArm/mixamorig:RightHand/mixamorig:RightHandRing1/mixamorig:RightHandRing2/mixamorig:RightHandRing3",
                "mixamorig:Hips/mixamorig:Spine/mixamorig:Spine1/mixamorig:Spine2/mixamorig:RightShoulder/mixamorig:RightArm/mixamorig:RightForeArm/mixamorig:RightHand/mixamorig:RightHandMiddle1/mixamorig:RightHandMiddle2",
                "mixamorig:Hips/mixamorig:Spine/mixamorig:Spine1/mixamorig:Spine2/mixamorig:RightShoulder/mixamorig:RightArm/mixamorig:RightForeArm/mixamorig:RightHand/mixamorig:RightHandMiddle1/mixamorig:RightHandMiddle2/mixamorig:RightHandMiddle3",
                "mixamorig:Hips/mixamorig:Spine/mixamorig:Spine1/mixamorig:Spine2/mixamorig:RightShoulder/mixamorig:RightArm/mixamorig:RightForeArm/mixamorig:RightHand/mixamorig:RightHandIndex1",
                "mixamorig:Hips/mixamorig:Spine/mixamorig:Spine1/mixamorig:Spine2/mixamorig:RightShoulder/mixamorig:RightArm/mixamorig:RightForeArm/mixamorig:RightHand/mixamorig:RightHandIndex1/mixamorig:RightHandIndex2",
                "mixamorig:Hips/mixamorig:Spine/mixamorig:Spine1/mixamorig:Spine2/mixamorig:RightShoulder/mixamorig:RightArm/mixamorig:RightForeArm/mixamorig:RightHand/mixamorig:RightHandIndex1/mixamorig:RightHandIndex2/mixamorig:RightHandIndex3",
                "mixamorig:Hips/mixamorig:Spine/mixamorig:Spine1/mixamorig:Spine2/mixamorig:RightShoulder/mixamorig:RightArm/mixamorig:RightForeArm/mixamorig:RightHand/mixamorig:RightHandThumb1",
                "mixamorig:Hips/mixamorig:Spine/mixamorig:Spine1/mixamorig:Spine2/mixamorig:RightShoulder/mixamorig:RightArm/mixamorig:RightForeArm/mixamorig:RightHand/mixamorig:RightHandThumb1/mixamorig:RightHandThumb2",
                "mixamorig:Hips/mixamorig:Spine/mixamorig:Spine1/mixamorig:Spine2/mixamorig:RightShoulder/mixamorig:RightArm/mixamorig:RightForeArm/mixamorig:RightHand/mixamorig:RightHandThumb1/mixamorig:RightHandThumb2/mixamorig:RightHandThumb3",
                "mixamorig:Hips/mixamorig:Spine/mixamorig:Spine1/mixamorig:Spine2/mixamorig:Neck",
                "mixamorig:Hips/mixamorig:Spine/mixamorig:Spine1/mixamorig:Spine2",
                "mixamorig:Hips/mixamorig:Spine/mixamorig:Spine1",
                "mixamorig:Hips/mixamorig:Spine/mixamorig:Spine1/mixamorig:Spine2/mixamorig:LeftShoulder",
                "mixamorig:Hips/mixamorig:Spine",
                "mixamorig:Hips",
                "mixamorig:Hips/mixamorig:LeftUpLeg",
                "mixamorig:Hips/mixamorig:RightUpLeg",
                "mixamorig:Hips/mixamorig:LeftUpLeg/mixamorig:LeftLeg",
                "mixamorig:Hips/mixamorig:LeftUpLeg/mixamorig:LeftLeg/mixamorig:LeftFoot",
                "mixamorig:Hips/mixamorig:LeftUpLeg/mixamorig:LeftLeg/mixamorig:LeftFoot/mixamorig:LeftToeBase",
                "mixamorig:Hips/mixamorig:Spine/mixamorig:Spine1/mixamorig:Spine2/mixamorig:RightShoulder",
                "mixamorig:Hips/mixamorig:RightUpLeg/mixamorig:RightLeg/mixamorig:RightFoot",
                "mixamorig:Hips/mixamorig:RightUpLeg/mixamorig:RightLeg",
                "mixamorig:Hips/mixamorig:RightUpLeg/mixamorig:RightLeg/mixamorig:RightFoot/mixamorig:RightToeBase"
            ],
            [
                [
                    [
                        7,
                        1,
                        0,
                        0,
                        0,
                        0,
                        1,
                        -8.673650467108538e-19,
                        0,
                        0,
                        8.673650467108538e-19,
                        1,
                        0,
                        0,
                        -1.368527889251709,
                        0.018398450687527657,
                        1
                    ],
                    [
                        7,
                        -0.10343348234891891,
                        0.9943980574607849,
                        0.02178286388516426,
                        0,
                        0.10802824795246124,
                        0.033002085983753204,
                        -0.9936001300811768,
                        0,
                        -0.988752007484436,
                        -0.10041840374469757,
                        -0.11083664000034332,
                        0,
                        -0.09653288871049881,
                        -0.6741462349891663,
                        1.251104712486267,
                        1
                    ],
                    [
                        7,
                        0.010463391430675983,
                        0.9997900724411011,
                        -0.017634620890021324,
                        0,
                        -0.010773633606731892,
                        -0.017521856352686882,
                        -0.9997880458831787,
                        0,
                        -0.9998869895935059,
                        0.010651172138750553,
                        0.010588028468191624,
                        0,
                        0.00552338594570756,
                        -0.08000693470239639,
                        1.276427149772644,
                        1
                    ],
                    [
                        7,
                        0.031004788354039192,
                        0.9995189905166626,
                        -0.000450747407739982,
                        0,
                        -0.011131458915770054,
                        -0.0001056416003848426,
                        -0.9999380111694336,
                        0,
                        -0.9994570016860962,
                        0.031007887795567513,
                        0.011122833006083965,
                        0,
                        -0.0010949684074148536,
                        -0.3439851999282837,
                        1.270700454711914,
                        1
                    ],
                    [
                        7,
                        -0.0067022028379142284,
                        0.99897700548172,
                        0.044720664620399475,
                        0,
                        0.11191866546869278,
                        0.04519006609916687,
                        -0.9926890134811401,
                        0,
                        -0.9936949014663696,
                        -0.0016481265192851424,
                        -0.11210700124502182,
                        0,
                        -0.1296413391828537,
                        -0.691105306148529,
                        1.2367141246795654,
                        1
                    ],
                    [
                        7,
                        -0.07608337700366974,
                        0.9916731119155884,
                        0.10390333086252213,
                        0,
                        0.10923518985509872,
                        0.11186791211366653,
                        -0.9877011775970459,
                        0,
                        -0.991100013256073,
                        -0.063797727227211,
                        -0.11683689057826996,
                        0,
                        -0.0992758497595787,
                        -0.7730691432952881,
                        1.1906960010528564,
                        1
                    ],
                    [
                        7,
                        -0.027897072955965996,
                        0.9990249872207642,
                        0.03421085327863693,
                        0,
                        0.11115596443414688,
                        0.03711222484707832,
                        -0.9931100010871887,
                        0,
                        -0.9934110045433044,
                        -0.02390212006866932,
                        -0.11208299547433853,
                        0,
                        -0.12347941100597382,
                        -0.6068294644355774,
                        1.2428674697875977,
                        1
                    ],
                    [
                        7,
                        0.5504543781280518,
                        0.7930150032043457,
                        -0.2610122859477997,
                        0,
                        0.11232902109622955,
                        -0.38014698028564453,
                        -0.9180798530578613,
                        0,
                        -0.8272737264633179,
                        0.4760420024394989,
                        -0.298332154750824,
                        0,
                        -0.44383174180984497,
                        0.006172142922878265,
                        1.3133413791656494,
                        1
                    ],
                    [
                        7,
                        -0.1034332737326622,
                        0.9946359992027283,
                        -0.00009386591409565881,
                        0,
                        0.10802853852510452,
                        0.011140190996229649,
                        -0.9940850734710693,
                        0,
                        -0.988752007484436,
                        -0.1028316468000412,
                        -0.1086013913154602,
                        0,
                        -0.09653866291046143,
                        -0.6712613701820374,
                        1.2661752700805664,
                        1
                    ],
                    [
                        7,
                        -0.07608355581760406,
                        0.9967960715293884,
                        0.02465658448636532,
                        0,
                        0.10923566669225693,
                        0.03291204571723938,
                        -0.993471086025238,
                        0,
                        -0.9910998940467834,
                        -0.07289337366819382,
                        -0.11138981580734253,
                        0,
                        -0.09923341870307922,
                        -0.7042235732078552,
                        1.2507045269012451,
                        1
                    ],
                    [
                        7,
                        -0.1034335121512413,
                        0.9912894368171692,
                        0.08152485638856888,
                        0,
                        0.10802865028381348,
                        0.09267584979534149,
                        -0.9898185133934021,
                        0,
                        -0.988752007484436,
                        -0.0935734212398529,
                        -0.11667350679636002,
                        0,
                        -0.09655246883630753,
                        -0.7923433184623718,
                        1.20522141456604,
                        1
                    ],
                    [
                        7,
                        -0.006702227983623743,
                        0.9982110261917114,
                        -0.0594167597591877,
                        0,
                        0.11191798001527786,
                        -0.05829600244760513,
                        -0.9920060038566589,
                        0,
                        -0.9936950206756592,
                        -0.013298455625772476,
                        -0.11132700741291046,
                        0,
                        -0.1296215057373047,
                        -0.5923501253128052,
                        1.3053982257843018,
                        1
                    ],
                    [
                        7,
                        -0.07608354091644287,
                        0.9965839982032776,
                        -0.032114412635564804,
                        0,
                        0.10923502594232559,
                        -0.023683076724410057,
                        -0.9937340021133423,
                        0,
                        -0.991100013256073,
                        -0.07911478728055954,
                        -0.1070600152015686,
                        0,
                        -0.09924004971981049,
                        -0.6586669087409973,
                        1.290282964706421,
                        1
                    ],
                    [
                        7,
                        -0.0067021893337368965,
                        0.9966710209846497,
                        0.08124639093875885,
                        0,
                        0.1119183897972107,
                        0.0814853236079216,
                        -0.9903709888458252,
                        0,
                        -0.9936949610710144,
                        0.002455308800563216,
                        -0.11209200322628021,
                        0,
                        -0.1296771913766861,
                        -0.8012627363204956,
                        1.2048819065093994,
                        1
                    ],
                    [
                        7,
                        0.08184090256690979,
                        0.9966369867324829,
                        0.004195958375930786,
                        0,
                        0.11455650627613068,
                        -0.005224703345447779,
                        -0.9934030175209045,
                        0,
                        -0.9900399446487427,
                        0.08178170025348663,
                        -0.11459878832101822,
                        0,
                        -0.17162157595157623,
                        -0.6252884268760681,
                        1.2617865800857544,
                        1
                    ],
                    [
                        7,
                        0.08184102177619934,
                        0.9965720176696777,
                        -0.012080859392881393,
                        0,
                        0.11455633491277695,
                        -0.021447453647851944,
                        -0.9931850433349609,
                        0,
                        -0.9900399446487427,
                        0.07989933341741562,
                        -0.11591889709234238,
                        0,
                        -0.17161577939987183,
                        -0.634595513343811,
                        1.2723197937011719,
                        1
                    ],
                    [
                        7,
                        0.08184096217155457,
                        0.9966350197792053,
                        -0.004563955590128899,
                        0,
                        0.114556223154068,
                        -0.013955812901258469,
                        -0.993319034576416,
                        0,
                        -0.9900400042533875,
                        0.08077132701873779,
                        -0.11531291157007217,
                        0,
                        -0.17162033915519714,
                        -0.6716588735580444,
                        1.2672898769378662,
                        1
                    ],
                    [
                        7,
                        0.5504539608955383,
                        0.8152191042900085,
                        -0.1800495833158493,
                        0,
                        0.11232933402061462,
                        -0.28602153062820435,
                        -0.9516161680221558,
                        0,
                        -0.827273964881897,
                        0.5035961270332336,
                        -0.2490147352218628,
                        0,
                        -0.4399106502532959,
                        -0.18186445534229279,
                        1.3035625219345093,
                        1
                    ],
                    [
                        7,
                        0.5504541397094727,
                        0.8074650764465332,
                        -0.21213127672672272,
                        0,
                        0.11232917755842209,
                        -0.32341164350509644,
                        -0.9395669102668762,
                        0,
                        -0.8272739052772522,
                        0.49336010217666626,
                        -0.2687251567840576,
                        0,
                        -0.4394095838069916,
                        -0.09914270043373108,
                        1.3097323179244995,
                        1
                    ],
                    [
                        7,
                        -0.029776977375149727,
                        -0.9988009333610535,
                        -0.03887086361646652,
                        0,
                        -0.10081551969051361,
                        0.041690874844789505,
                        -0.9940309524536133,
                        0,
                        0.9944590330123901,
                        -0.025680478662252426,
                        -0.10193602740764618,
                        0,
                        0.10944004356861115,
                        -0.612521231174469,
                        1.2413898706436157,
                        1
                    ],
                    [
                        7,
                        0.006429451517760754,
                        -0.9998250007629395,
                        0.017572274431586266,
                        0,
                        0.007321199867874384,
                        -0.017525095492601395,
                        -0.9998199939727783,
                        0,
                        0.9999529719352722,
                        0.006556939333677292,
                        0.0072072409093379974,
                        0,
                        -0.002196969697251916,
                        -0.08003998547792435,
                        1.2764315605163574,
                        1
                    ],
                    [
                        7,
                        0.03180781751871109,
                        -0.9994940161705017,
                        0.00035372228012420237,
                        0,
                        0.007763715460896492,
                        -0.00010681886487873271,
                        -0.999970018863678,
                        0,
                        0.9994639754295349,
                        0.03180960193276405,
                        0.007756388746201992,
                        0,
                        0.005979358684271574,
                        -0.3439609110355377,
                        1.270694613456726,
                        1
                    ],
                    [
                        7,
                        0.004246794153004885,
                        -0.9995840191841125,
                        -0.028539778664708138,
                        0,
                        -0.10217629373073578,
                        0.02795693464577198,
                        -0.9943730235099792,
                        0,
                        0.9947570562362671,
                        0.0071389926597476006,
                        -0.10201500356197357,
                        0,
                        0.12434762716293335,
                        -0.6684303283691406,
                        1.2494672536849976,
                        1
                    ],
                    [
                        7,
                        -0.0481753945350647,
                        -0.9973589181900024,
                        -0.054355014115571976,
                        0,
                        -0.10003067553043365,
                        0.05896209180355072,
                        -0.9932359457015991,
                        0,
                        0.9938170313835144,
                        -0.04241237789392471,
                        -0.10260704904794693,
                        0,
                        0.10660672187805176,
                        -0.708713710308075,
                        1.2307286262512207,
                        1
                    ],
                    [
                        7,
                        -0.10900724679231644,
                        -0.9921953678131104,
                        -0.06054520979523659,
                        0,
                        -0.09718673676252365,
                        0.07125411927700043,
                        -0.9927123785018921,
                        0,
                        0.98927903175354,
                        -0.1023285835981369,
                        -0.10419542342424393,
                        0,
                        0.07864054292440414,
                        -0.7222955822944641,
                        1.2250036001205444,
                        1
                    ],
                    [
                        7,
                        -0.048175401985645294,
                        -0.9979549050331116,
                        -0.042007822543382645,
                        0,
                        -0.10003042966127396,
                        0.046665534377098083,
                        -0.9938898682594299,
                        0,
                        0.9938170313835144,
                        -0.04367896914482117,
                        -0.10207409411668777,
                        0,
                        0.10659145563840866,
                        -0.721581220626831,
                        1.2397536039352417,
                        1
                    ],
                    [
                        7,
                        -0.10900741815567017,
                        -0.9940149784088135,
                        0.007157828658819199,
                        0,
                        -0.09718640148639679,
                        0.00349102052859962,
                        -0.9952600002288818,
                        0,
                        0.98927903175354,
                        -0.10918630659580231,
                        -0.09698525816202164,
                        0,
                        0.07864704728126526,
                        -0.6616399884223938,
                        1.2730121612548828,
                        1
                    ],
                    [
                        7,
                        -0.10900766402482986,
                        -0.9808705449104309,
                        -0.1612749546766281,
                        0,
                        -0.0971866250038147,
                        0.1719808131456375,
                        -0.9802945256233215,
                        0,
                        0.98927903175354,
                        -0.09118577092885971,
                        -0.1140747144818306,
                        0,
                        0.07871118932962418,
                        -0.8870360851287842,
                        1.1392529010772705,
                        1
                    ],
                    [
                        7,
                        -0.04817544296383858,
                        -0.9984340071678162,
                        -0.028429819270968437,
                        0,
                        -0.10003098100423813,
                        0.03314245864748955,
                        -0.9944319725036621,
                        0,
                        0.9938169717788696,
                        -0.04506335407495499,
                        -0.10147102177143097,
                        0,
                        0.10659274458885193,
                        -0.7320058345794678,
                        1.2498258352279663,
                        1
                    ],
                    [
                        7,
                        0.0042467606253921986,
                        -0.9992619752883911,
                        0.03818610683083534,
                        0,
                        -0.10217627882957458,
                        -0.038420215249061584,
                        -0.9940239787101746,
                        0,
                        0.9947570562362671,
                        0.0003196682664565742,
                        -0.10226400196552277,
                        0,
                        0.12425480037927628,
                        -0.6166521906852722,
                        1.2934714555740356,
                        1
                    ],
                    [
                        7,
                        0.004246810916811228,
                        -0.992717981338501,
                        0.12038545310497284,
                        0,
                        -0.10217662155628204,
                        -0.12018722295761108,
                        -0.9874789714813232,
                        0,
                        0.9947570562362671,
                        -0.008106943219900131,
                        -0.1019429937005043,
                        0,
                        0.12425576150417328,
                        -0.5397697687149048,
                        1.342507243156433,
                        1
                    ],
                    [
                        7,
                        0.09779296070337296,
                        -0.9951959848403931,
                        -0.004579135216772556,
                        0,
                        -0.10530829429626465,
                        -0.005772532429546118,
                        -0.9944230318069458,
                        0,
                        0.9896199703216553,
                        0.09772970527410507,
                        -0.10536689311265945,
                        0,
                        0.17022913694381714,
                        -0.6241537928581238,
                        1.263253927230835,
                        1
                    ],
                    [
                        7,
                        0.09779289364814758,
                        -0.9945469498634338,
                        0.036242008209228516,
                        0,
                        -0.10530786216259003,
                        -0.04655323177576065,
                        -0.9933489561080933,
                        0,
                        0.9896200299263,
                        0.09332592785358429,
                        -0.10928605496883392,
                        0,
                        0.17023859918117523,
                        -0.6012855768203735,
                        1.2889999151229858,
                        1
                    ],
                    [
                        7,
                        0.09779325127601624,
                        -0.9918151497840881,
                        -0.08209766447544098,
                        0,
                        -0.1053079143166542,
                        0.07171725481748581,
                        -0.9918501377105713,
                        0,
                        0.9896199703216553,
                        0.10564178973436356,
                        -0.09743242710828781,
                        0,
                        0.17029428482055664,
                        -0.7778939604759216,
                        1.2051646709442139,
                        1
                    ],
                    [
                        7,
                        0.5489088892936707,
                        -0.7914238572120667,
                        0.2689754366874695,
                        0,
                        -0.10648363083600998,
                        -0.38537144660949707,
                        -0.9165967702865601,
                        0,
                        0.829072117805481,
                        0.4744868576526642,
                        -0.29580724239349365,
                        0,
                        0.43571558594703674,
                        0.013143526390194893,
                        1.31586754322052,
                        1
                    ],
                    [
                        7,
                        0.5489086508750916,
                        -0.8092001080513,
                        0.20951074361801147,
                        0,
                        -0.1064843237400055,
                        -0.31629839539527893,
                        -0.9426640868186951,
                        0,
                        0.8290721774101257,
                        0.4951271712779999,
                        -0.25978583097457886,
                        0,
                        0.4313356876373291,
                        -0.11016730219125748,
                        1.3113079071044922,
                        1
                    ],
                    [
                        7,
                        0.5489087700843811,
                        -0.8129488229751587,
                        0.19445547461509705,
                        0,
                        -0.10648340731859207,
                        -0.29874682426452637,
                        -0.9483728408813477,
                        0,
                        0.8290722370147705,
                        0.49986377358436584,
                        -0.2505502998828888,
                        0,
                        0.43185529112815857,
                        -0.16507530212402344,
                        1.308469295501709,
                        1
                    ],
                    [
                        7,
                        1,
                        0,
                        0,
                        0,
                        0,
                        1,
                        5.905753177044316e-19,
                        0,
                        0,
                        -5.905753177044316e-19,
                        1,
                        0,
                        0,
                        -1.308538794517517,
                        0.006808870006352663,
                        1
                    ],
                    [
                        7,
                        1,
                        0,
                        0,
                        0,
                        0,
                        0.9999840259552002,
                        0.005655390210449696,
                        0,
                        0,
                        -0.005655390210449696,
                        0.9999840259552002,
                        0,
                        0,
                        -1.2238692045211792,
                        -0.0005915319779887795,
                        1
                    ],
                    [
                        7,
                        1,
                        0,
                        0,
                        0,
                        0,
                        0.9999840259552002,
                        0.005655390210449696,
                        0,
                        0,
                        -0.005655390210449696,
                        0.9999840259552002,
                        0,
                        0,
                        -1.1485916376113892,
                        -0.0005915319779887795,
                        1
                    ],
                    [
                        7,
                        -0.005092246923595667,
                        0.9499029517173767,
                        -0.31250205636024475,
                        0,
                        -0.005656675435602665,
                        -0.31252816319465637,
                        -0.949891984462738,
                        0,
                        -0.9999709725379944,
                        -0.0030693586450070143,
                        0.006964770145714283,
                        0,
                        0.0005931849591434002,
                        0.37298110127449036,
                        1.242998719215393,
                        1
                    ],
                    [
                        7,
                        1,
                        0,
                        0,
                        0,
                        0,
                        0.9999840259552002,
                        0.005655399989336729,
                        0,
                        0,
                        -0.005655399989336729,
                        0.9999840259552002,
                        0,
                        0,
                        -1.08272385597229,
                        -0.0005915410001762211,
                        1
                    ],
                    [
                        7,
                        1,
                        0,
                        0,
                        0,
                        0,
                        1,
                        0,
                        0,
                        0,
                        0,
                        1,
                        0,
                        0,
                        -1.0262526273727417,
                        0.005212409887462854,
                        1
                    ],
                    [
                        7,
                        -0.9978389739990234,
                        0.06570480018854141,
                        5.772821999074085e-13,
                        0,
                        -0.06569679826498032,
                        -0.9977179765701294,
                        0.01559040043503046,
                        0,
                        0.001024364260956645,
                        0.01555672101676464,
